8
10
34 43 72 60 64 12 47 21
0 19 22 25 16 25 19 22 23 20
19 0 23 15 22 25 25 15 24 25
22 23 0 18 22 22 18 25 24 21
25 15 18 0 23 25 22 20 20 19
16 22 22 23 0 19 23 20 15 24
25 25 22 25 19 0 15 16 21 22
19 25 18 22 23 15 0 20 17 21
22 15 25 20 20 16 20 0 21 22
23 24 24 20 15 21 17 21 0 19
20 25 21 19 24 22 21 22 19 0
