5
10
51 5 7 61 26
0 16 18 21 20 25 24
16 0 20 21 22 19 25
18 20 0 23 18 16 23
21 21 23 0 20 22 20
20 22 18 20 0 19 25
25 19 16 22 19 0 20
24 25 23 20 25 20 0
