4
10
40 52 62 16
0 16 22 23 17 16
16 0 17 18 25 20
22 17 0 18 15 20
23 18 18 0 20 19
17 25 15 20 0 18
16 20 20 19 18 0
