4
10
68 23 54 7
0 17 22 25 24 18
17 0 19 15 15 24
22 19 0 22 25 18
25 15 22 0 15 15
24 15 25 15 0 16
18 24 18 15 16 0
