8
10
17 52 2 12 58 37 69 65
0 18 16 25 22 15 17 19 15 25
18 0 24 15 22 21 22 23 19 17
16 24 0 24 20 25 17 23 16 16
25 15 24 0 20 25 15 20 19 16
22 22 20 20 0 15 18 16 24 24
15 21 25 25 15 0 16 19 19 16
17 22 17 15 18 16 0 25 24 25
19 23 23 20 16 19 25 0 24 16
15 19 16 19 24 19 24 24 0 20
25 17 16 16 24 16 25 16 20 0
