4
10
38 39 43 19
0 20 22 22 19 21
20 0 18 22 15 21
22 18 0 25 19 18
22 22 25 0 25 18
19 15 19 25 0 15
21 21 18 18 15 0
