6
10
21 38 38 44 28 61
0 22 24 20 16 16 20 17
22 0 17 21 16 17 24 15
24 17 0 24 23 16 25 24
20 21 24 0 20 21 16 25
16 16 23 20 0 16 25 18
16 17 16 21 16 0 18 25
20 24 25 16 25 18 0 22
17 15 24 25 18 25 22 0
