4
10
7 34 41 67
0 22 15 25 24 23
22 0 25 15 19 16
15 25 0 19 25 23
25 15 19 0 24 15
24 19 25 24 0 23
23 16 23 15 23 0
