9
10
16 2 29 61 7 39 33 18 55
0 22 16 17 21 18 17 22 24 20 17
22 0 19 18 15 25 17 15 17 16 24
16 19 0 15 20 22 20 22 21 21 23
17 18 15 0 21 16 16 25 21 15 19
21 15 20 21 0 20 20 18 18 19 17
18 25 22 16 20 0 17 18 15 18 22
17 17 20 16 20 17 0 22 18 15 18
22 15 22 25 18 18 22 0 20 20 21
24 17 21 21 18 15 18 20 0 16 24
20 16 21 15 19 18 15 20 16 0 18
17 24 23 19 17 22 18 21 24 18 0
