8
10
50 46 62 53 36 51 13 19
0 21 19 18 15 20 23 16 20 23
21 0 16 25 21 21 17 16 23 21
19 16 0 15 15 25 15 19 25 15
18 25 15 0 16 21 18 19 17 16
15 21 15 16 0 24 16 22 24 19
20 21 25 21 24 0 20 18 22 16
23 17 15 18 16 20 0 22 25 21
16 16 19 19 22 18 22 0 21 20
20 23 25 17 24 22 25 21 0 17
23 21 15 16 19 16 21 20 17 0
