6
10
43 43 9 19 70 30
0 20 15 22 23 24 22 23
20 0 17 15 18 19 23 18
15 17 0 18 24 21 15 24
22 15 18 0 20 21 20 18
23 18 24 20 0 15 15 23
24 19 21 21 15 0 21 22
22 23 15 20 15 21 0 22
23 18 24 18 23 22 22 0
