5
10
6 17 44 32 72
0 25 23 19 19 23 22
25 0 21 19 15 25 21
23 21 0 25 18 24 20
19 19 25 0 16 18 25
19 15 18 16 0 22 19
23 25 24 18 22 0 21
22 21 20 25 19 21 0
