7
10
68 42 28 27 44 23 72
0 22 18 18 15 22 23 21 17
22 0 23 19 20 24 25 25 15
18 23 0 24 24 21 21 22 20
18 19 24 0 25 16 16 19 18
15 20 24 25 0 18 17 25 19
22 24 21 16 18 0 21 15 18
23 25 21 16 17 21 0 21 25
21 25 22 19 25 15 21 0 22
17 15 20 18 19 18 25 22 0
