6
10
38 49 45 26 63 21
0 15 20 23 23 20 15 20
15 0 21 23 24 24 15 18
20 21 0 20 21 17 15 21
23 23 20 0 16 24 23 15
23 24 21 16 0 18 18 18
20 24 17 24 18 0 18 21
15 15 15 23 18 18 0 17
20 18 21 15 18 21 17 0
