5
10
29 69 46 21 7
0 23 16 20 16 18 24
23 0 25 23 17 25 19
16 25 0 19 20 17 25
20 23 19 0 15 17 24
16 17 20 15 0 18 23
18 25 17 17 18 0 23
24 19 25 24 23 23 0
