8
10
21 25 32 59 50 25 39 69
0 22 22 19 20 16 25 20 15 21
22 0 22 24 18 22 25 18 17 22
22 22 0 24 21 20 21 18 17 20
19 24 24 0 17 16 15 18 15 19
20 18 21 17 0 18 19 17 16 17
16 22 20 16 18 0 16 17 24 22
25 25 21 15 19 16 0 20 18 20
20 18 18 18 17 17 20 0 25 24
15 17 17 15 16 24 18 25 0 15
21 22 20 19 17 22 20 24 15 0
