7
10
29 62 9 29 45 47 65
0 17 24 15 21 19 19 24 16
17 0 22 22 16 16 20 15 25
24 22 0 16 23 23 17 25 15
15 22 16 0 23 23 23 18 18
21 16 23 23 0 16 21 25 22
19 16 23 23 16 0 23 16 15
19 20 17 23 21 23 0 25 24
24 15 25 18 25 16 25 0 21
16 25 15 18 22 15 24 21 0
