6
10
14 51 15 48 33 55
0 20 23 19 21 25 20 18
20 0 15 23 20 22 25 24
23 15 0 17 22 15 16 18
19 23 17 0 18 25 24 19
21 20 22 18 0 16 20 23
25 22 15 25 16 0 15 15
20 25 16 24 20 15 0 21
18 24 18 19 23 15 21 0
