7
10
61 40 26 23 24 24 19
0 17 19 16 24 21 15 25 17
17 0 15 24 17 23 17 17 20
19 15 0 23 15 19 20 25 16
16 24 23 0 22 24 15 24 25
24 17 15 22 0 22 19 20 15
21 23 19 24 22 0 15 21 21
15 17 20 15 19 15 0 15 15
25 17 25 24 20 21 15 0 19
17 20 16 25 15 21 15 19 0
