6
10
13 40 20 29 21 52
0 22 20 21 16 24 22 24
22 0 23 23 17 18 15 20
20 23 0 23 22 25 25 21
21 23 23 0 20 16 20 17
16 17 22 20 0 17 23 23
24 18 25 16 17 0 20 24
22 15 25 20 23 20 0 15
24 20 21 17 23 24 15 0
