4
10
8 59 19 8
0 16 23 21 24 22
16 0 24 19 21 15
23 24 0 23 16 25
21 19 23 0 16 18
24 21 16 16 0 15
22 15 25 18 15 0
