4
4
28 39 1 29
0 17 24 16 19 16
17 0 22 22 22 25
24 22 0 21 18 16
16 22 21 0 22 15
19 22 18 22 0 21
16 25 16 15 21 0
