4
4
28 41 26 33
0 15 16 16 20 17
15 0 25 19 19 24
16 25 0 18 24 15
16 19 18 0 24 25
20 19 24 24 0 17
17 24 15 25 17 0
