4
4
18 13 33 69
0 21 21 15 19 23
21 0 22 21 19 22
21 22 0 20 24 18
15 21 20 0 23 17
19 19 24 23 0 19
23 22 18 17 19 0
