4
4
69 47 36 23
0 18 19 16 21 22
18 0 17 16 16 15
19 17 0 21 23 19
16 16 21 0 15 18
21 16 23 15 0 23
22 15 19 18 23 0
