5
5
13 5 8 5 13
0 18 24 23 17 20 24
18 0 22 25 24 16 24
24 22 0 15 22 19 23
23 25 15 0 18 18 22
17 24 22 18 0 23 23
20 16 19 18 23 0 22
24 24 23 22 23 22 0
