5
5
29 33 18 3 2
0 15 16 16 20 17 25
15 0 19 19 24 18 24
16 19 0 15 24 25 17
16 19 15 0 21 25 21
20 24 24 21 0 23 20
17 18 25 25 23 0 23
25 24 17 21 20 23 0
