5
5
14 41 4 3 4
0 17 24 16 19 16 22
17 0 22 22 25 21 18
24 22 0 16 22 15 21
16 22 16 0 21 24 15
19 25 22 21 0 22 19
16 21 15 24 22 0 18
22 18 21 15 19 18 0
