5
5
2 1 3 3 2
0 18 19 16 21 22 17
18 0 16 16 15 21 23
19 16 0 19 15 18 23
16 16 19 0 23 20 19
21 15 15 23 0 17 16
22 21 18 20 17 0 19
17 23 23 19 16 19 0
