6
6
25 1 5 11 3 20
0 18 24 23 17 20 24 22
18 0 25 24 16 24 15 22
24 25 0 19 23 18 18 22
23 24 19 0 23 23 22 21
17 16 23 23 0 25 17 18
20 24 18 23 25 0 25 17
24 15 18 22 17 25 0 23
22 22 22 21 18 17 23 0
