6
6
40 38 81 48 12 78
0 18 19 16 21 22 17 16
18 0 16 15 21 23 19 15
19 16 0 18 23 23 20 19
16 15 18 0 17 16 19 18
21 21 23 17 0 15 25 19
22 23 23 16 15 0 19 18
17 19 20 19 25 19 0 17
16 15 19 18 19 18 17 0
