6
6
139 3 98 56 109 8
0 17 24 16 19 16 22 22
17 0 22 25 21 18 16 22
24 22 0 15 21 21 24 15
16 25 15 0 22 19 18 24
19 21 21 22 0 16 20 15
16 18 21 19 16 0 15 15
22 16 24 18 20 15 0 25
22 22 15 24 15 15 25 0
