7
7
13 8 6 8 16 9 3
0 18 19 16 21 22 17 16 16
18 0 15 21 23 19 15 18 23
19 15 0 23 20 19 17 16 19
16 21 23 0 18 15 25 19 19
21 23 20 18 0 18 17 19 19
22 19 19 15 18 0 25 20 16
17 15 17 25 17 25 0 24 20
16 18 16 19 19 20 24 0 25
16 23 19 19 19 16 20 25 0
