7
7
15 29 32 36 15 23 15
0 17 24 16 19 16 22 22 22
17 0 25 21 18 16 22 15 21
24 25 0 21 24 15 22 19 18
16 21 21 0 24 16 20 15 15
19 18 24 24 0 15 25 23 15
16 16 15 16 15 0 21 25 18
22 22 22 20 25 21 0 21 15
22 15 19 15 23 25 21 0 23
22 21 18 15 15 18 15 23 0
