7
7
15 2 12 21 12 9 24
0 15 16 16 20 17 25 19 19
15 0 24 18 24 15 24 25 17
16 24 0 21 25 21 23 20 23
16 18 21 0 22 23 19 15 15
20 24 25 22 0 20 22 20 21
17 15 21 23 20 0 21 23 17
25 24 23 19 22 21 0 23 17
19 25 20 15 20 23 23 0 18
19 17 23 15 21 17 17 18 0
