7
7
71 62 57 111 67 34 8
0 21 21 15 19 23 22 21 19
21 0 22 20 24 18 23 17 19
21 22 0 17 16 24 19 23 24
15 20 17 0 17 19 16 16 25
19 24 16 17 0 20 22 23 16
23 18 24 19 20 0 20 21 20
22 23 19 16 22 20 0 24 25
21 17 23 16 23 21 24 0 18
19 19 24 25 16 20 25 18 0
