7
7
8 69 122 100 110 102 114
0 18 24 23 17 20 24 22 25
18 0 24 16 24 15 22 19 23
24 24 0 18 18 22 23 23 22
23 16 18 0 21 25 17 18 25
17 24 18 21 0 17 23 21 15
20 15 22 25 17 0 25 16 17
24 22 23 17 23 25 0 24 15
22 19 23 18 21 16 24 0 19
25 23 22 25 15 17 15 19 0
