8
8
118 75 6 107 143 26 48 76
0 17 24 16 19 16 22 22 22 25
17 0 21 18 16 22 15 21 21 24
24 21 0 15 22 19 18 24 16 20
16 18 15 0 15 15 15 25 23 15
19 16 22 15 0 21 25 18 21 15
16 22 19 15 21 0 23 18 22 22
22 15 18 15 25 23 0 23 18 20
22 21 24 25 18 18 23 0 18 25
22 21 16 23 21 22 18 18 0 18
25 24 20 15 15 22 20 25 18 0
