8
8
35 94 25 10 35 127 56 67
0 18 24 23 17 20 24 22 25 24
18 0 16 24 15 22 19 23 18 18
24 16 0 22 23 23 22 21 25 17
23 24 22 0 18 25 17 23 21 15
17 15 23 18 0 25 16 17 24 15
20 22 23 25 25 0 19 15 19 22
24 19 22 17 16 19 0 24 21 21
22 23 21 23 17 15 24 0 21 24
25 18 25 21 24 19 21 21 0 22
24 18 17 15 15 22 21 24 22 0
