8
8
103 1 157 127 86 63 84 17
0 21 21 15 19 23 22 21 19 22
21 0 20 24 18 23 17 19 17 16
21 20 0 24 19 23 24 17 19 16
15 24 24 0 16 25 20 22 23 16
19 18 19 16 0 20 21 20 24 25
23 23 23 25 20 0 18 23 22 22
22 17 24 20 21 18 0 23 19 15
21 19 17 22 20 23 23 0 23 15
19 17 19 23 24 22 19 23 0 16
22 16 16 16 25 22 15 15 16 0
