8
8
77 2 75 147 80 131 50 106
0 18 19 16 21 22 17 16 16 15
18 0 21 23 19 15 18 23 23 20
19 21 0 19 17 16 19 18 15 25
16 23 19 0 19 19 18 17 19 19
21 19 17 19 0 25 20 16 24 20
22 15 16 19 25 0 25 21 23 18
17 18 19 18 20 25 0 17 18 22
16 23 18 17 16 21 17 0 19 16
16 23 15 19 24 23 18 19 0 23
15 20 25 19 20 18 22 16 23 0
