8
8
132 144 47 115 107 135 94 152
0 15 16 16 20 17 25 19 19 24
15 0 18 24 15 24 25 17 21 25
16 18 0 21 23 20 23 22 23 19
16 24 21 0 15 15 20 22 20 21
20 15 23 15 0 21 23 17 23 17
17 24 20 15 21 0 18 18 15 17
25 25 23 20 23 18 0 20 17 17
19 17 22 22 17 18 20 0 23 23
19 21 23 20 23 15 17 23 0 20
24 25 19 21 17 17 17 23 20 0
