9
9
12 15 6 13 15 8 16 9 16
0 15 16 16 20 17 25 19 19 24 18
15 0 24 15 24 25 17 21 25 21 23
16 24 0 20 23 22 23 19 15 15 20
16 15 20 0 22 20 21 21 23 17 23
20 24 23 22 0 17 18 18 15 17 20
17 25 22 20 17 0 17 17 23 23 20
25 17 23 21 18 17 0 23 25 23 17
19 21 19 21 18 17 23 0 22 21 23
19 25 15 23 15 23 25 22 0 20 24
24 21 15 17 17 23 23 21 20 0 20
18 23 20 23 20 20 17 23 24 20 0
