9
9
49 146 57 62 37 140 115 24 21
0 21 21 15 19 23 22 21 19 22 20
21 0 24 18 23 17 19 17 16 24 19
21 24 0 23 24 17 19 16 16 25 20
15 18 23 0 22 23 16 20 21 20 24
19 23 24 22 0 25 18 23 22 22 23
23 17 17 23 25 0 19 15 23 15 16
22 19 19 16 18 19 0 21 25 25 15
21 17 16 20 23 15 21 0 24 22 20
19 16 16 21 22 23 25 24 0 18 20
22 24 25 20 22 15 25 22 18 0 16
20 19 20 24 23 16 15 20 20 16 0
